object={
	name="bridge 01"
	clamp_to_water_level=no
	render_under_water=yes
	generated_content=no
	layer="temp_layer"
	pdxmesh="bridge_01_mesh"
	count=5
	transform="5929.932617 0.000000 1873.266846 0.000000 0.719040 0.000000 -0.694969 6.290149 6.290149 6.290149
5909.002441 0.000000 1954.768677 0.000000 0.704167 0.000000 0.710034 6.410052 6.410052 6.410052
5639.359375 0.000000 2605.726807 0.000000 0.720275 0.000000 0.693688 5.993001 5.993001 5.993001
5576.423828 0.000000 2368.199707 0.000000 0.725253 0.000000 0.688483 5.660330 5.660330 5.660330
5223.224609 6.676025 2214.294678 0.000000 0.000000 0.000000 1.000000 6.230379 6.230379 6.230379
"}
